x1 x2 x3 x4 x5 x6 x7 x8 x9 x10 x11 x12 x13 x14 x15 x16 
1 2 3 4 5 6 7 8 9 10 11 12 13 14 15 16 
1 2 3 4 5 6 7 8 9 10 11 12 13 14 15 16 
1 2 3 4 5 6 7 8 9 10 11 12 13 14 15 16 
1 2 3 4 5 6 7 8 9 10 11 12 13 14 15 16 
1 2 3 4 5 6 7 8 9 10 11 12 13 14 15 16 
1 2 3 4 5 6 7 8 9 10 11 12 13 14 15 16 
1 2 3 4 5 6 7 8 9 10 11 12 13 14 15 16 
1 2 3 4 5 6 7 8 9 10 11 12 13 14 15 16 
1 2 3 4 5 6 7 8 9 10 11 12 13 14 15 16 
1 2 3 4 5 6 7 8 9 10 11 12 13 14 15 16 
1 2 3 4 5 6 7 8 9 10 11 12 13 14 15 16 
1 2 3 4 5 6 7 8 9 10 11 12 13 14 15 16 
1 2 3 4 5 6 7 8 9 10 11 12 13 14 15 16 
1 2 3 4 5 6 7 8 9 10 11 12 13 14 15 16 
1 2 3 4 5 6 7 8 9 10 11 12 13 14 15 16 
1 2 3 4 5 6 7 8 9 10 11 12 13 14 15 16 
x1 x2 x3 x4 x5 x6 x7 x8 x9 x10 x11 x12 x13 x14 x15 x16 16 rozne
x1 x2 + x3 + x4 + 34 =
x5 x6 + x7 + x8 + 34 =
x9 x10 + x11 + x12 + 34 =
x13 x14 + x15 + x16 + 34 =
x1 x5 + x9 + x13 + 34 =
x2 x6 + x10 + x14 + 34 =
x3 x7 + x11 + x15 + 34 =
x4 x8 + x12 + x16 + 34 =